500 2 0.90 0.01 2
500 2 0.90 0.02 2
500 2 0.90 0.03 2
500 2 0.90 0.04 2
500 2 0.90 0.05 2
500 2 0.90 0.06 2
500 2 0.90 0.07 2
500 2 0.90 0.08 2
500 2 0.90 0.09 2
500 2 0.91 0.01 2
500 2 0.91 0.02 2
500 2 0.91 0.03 2
500 2 0.91 0.04 2
500 2 0.91 0.05 2
500 2 0.91 0.06 2
500 2 0.91 0.07 2
500 2 0.91 0.08 2
500 2 0.91 0.09 3
500 2 0.92 0.01 4
500 2 0.92 0.02 2
500 2 0.92 0.03 3
500 2 0.92 0.04 2
500 2 0.92 0.05 2
500 2 0.92 0.06 2
500 2 0.92 0.07 2
500 2 0.92 0.08 2
500 2 0.92 0.09 3
500 2 0.93 0.01 2
500 2 0.93 0.02 2
500 2 0.93 0.03 2
500 2 0.93 0.04 2
500 2 0.93 0.05 2
500 2 0.93 0.06 2
500 2 0.93 0.07 2
500 2 0.93 0.08 2
500 2 0.93 0.09 2
500 2 0.94 0.01 2
500 2 0.94 0.02 2
500 2 0.94 0.03 2
500 2 0.94 0.04 2
500 2 0.94 0.05 2
500 2 0.94 0.06 2
500 2 0.94 0.07 2
500 2 0.94 0.08 2
500 2 0.94 0.09 2
500 2 0.95 0.01 2
500 2 0.95 0.02 2
500 2 0.95 0.03 2
500 2 0.95 0.04 2
500 2 0.95 0.05 2
500 2 0.95 0.06 2
500 2 0.95 0.07 2
500 2 0.95 0.08 2
500 2 0.95 0.09 2
500 2 0.96 0.01 2
500 2 0.96 0.02 2
500 2 0.96 0.03 2
500 2 0.96 0.04 2
500 2 0.96 0.05 3
500 2 0.96 0.06 2
500 2 0.96 0.07 2
500 2 0.96 0.08 2
500 2 0.96 0.09 2
500 2 0.97 0.01 2
500 2 0.97 0.02 3
500 2 0.97 0.03 2
500 2 0.97 0.04 2
500 2 0.97 0.05 2
500 2 0.97 0.06 2
500 2 0.97 0.07 2
500 2 0.97 0.08 2
500 2 0.97 0.09 2
500 2 0.98 0.01 3
500 2 0.98 0.02 2
500 2 0.98 0.03 3
500 2 0.98 0.04 2
500 2 0.98 0.05 3
500 2 0.98 0.06 2
500 2 0.98 0.07 2
500 2 0.98 0.08 2
500 2 0.98 0.09 2
500 2 0.99 0.01 2
500 2 0.99 0.02 2
500 2 0.99 0.03 2
500 2 0.99 0.04 2
500 2 0.99 0.05 2
500 2 0.99 0.06 2
500 2 0.99 0.07 2
500 2 0.99 0.08 2
500 2 0.99 0.09 2
498 3 0.90 0.01 2
498 3 0.90 0.02 2
498 3 0.90 0.03 2
498 3 0.90 0.04 3
498 3 0.90 0.05 2
498 3 0.90 0.06 3
498 3 0.90 0.07 2
498 3 0.90 0.08 2
498 3 0.90 0.09 2
498 3 0.91 0.01 2
498 3 0.91 0.02 166
498 3 0.91 0.03 2
498 3 0.91 0.04 2
498 3 0.91 0.05 2
498 3 0.91 0.06 2
498 3 0.91 0.07 2
498 3 0.91 0.08 2
498 3 0.91 0.09 2
498 3 0.92 0.01 2
498 3 0.92 0.02 2
498 3 0.92 0.03 2
498 3 0.92 0.04 2
498 3 0.92 0.05 2
498 3 0.92 0.06 2
498 3 0.92 0.07 2
498 3 0.92 0.08 2
498 3 0.92 0.09 2
498 3 0.93 0.01 3
498 3 0.93 0.02 2
498 3 0.93 0.03 166
498 3 0.93 0.04 3
498 3 0.93 0.05 2
498 3 0.93 0.06 2
498 3 0.93 0.07 2
498 3 0.93 0.08 2
498 3 0.93 0.09 2
498 3 0.94 0.01 2
498 3 0.94 0.02 2
498 3 0.94 0.03 2
498 3 0.94 0.04 2
498 3 0.94 0.05 2
498 3 0.94 0.06 2
498 3 0.94 0.07 2
498 3 0.94 0.08 2
498 3 0.94 0.09 2
498 3 0.95 0.01 2
498 3 0.95 0.02 2
498 3 0.95 0.03 2
498 3 0.95 0.04 166
498 3 0.95 0.05 3
498 3 0.95 0.06 2
498 3 0.95 0.07 2
498 3 0.95 0.08 2
498 3 0.95 0.09 2
498 3 0.96 0.01 2
498 3 0.96 0.02 2
498 3 0.96 0.03 2
498 3 0.96 0.04 2
498 3 0.96 0.05 3
498 3 0.96 0.06 2
498 3 0.96 0.07 3
498 3 0.96 0.08 2
498 3 0.96 0.09 2
498 3 0.97 0.01 3
498 3 0.97 0.02 2
498 3 0.97 0.03 166
498 3 0.97 0.04 2
498 3 0.97 0.05 3
498 3 0.97 0.06 2
498 3 0.97 0.07 2
498 3 0.97 0.08 2
498 3 0.97 0.09 2
498 3 0.98 0.01 2
498 3 0.98 0.02 2
498 3 0.98 0.03 2
498 3 0.98 0.04 2
498 3 0.98 0.05 2
498 3 0.98 0.06 2
498 3 0.98 0.07 2
498 3 0.98 0.08 2
498 3 0.98 0.09 2
498 3 0.99 0.01 2
498 3 0.99 0.02 2
498 3 0.99 0.03 2
498 3 0.99 0.04 2
498 3 0.99 0.05 2
498 3 0.99 0.06 2
498 3 0.99 0.07 2
498 3 0.99 0.08 2
498 3 0.99 0.09 2
500 4 0.90 0.01 2
500 4 0.90 0.02 125
500 4 0.90 0.03 125
500 4 0.90 0.04 125
500 4 0.90 0.05 125
500 4 0.90 0.06 125
500 4 0.90 0.07 140
500 4 0.90 0.08 125
500 4 0.90 0.09 125
500 4 0.91 0.01 3
500 4 0.91 0.02 251
500 4 0.91 0.03 125
500 4 0.91 0.04 125
500 4 0.91 0.05 138
500 4 0.91 0.06 131
500 4 0.91 0.07 125
500 4 0.91 0.08 125
500 4 0.91 0.09 146
500 4 0.92 0.01 2
500 4 0.92 0.02 125
500 4 0.92 0.03 125
500 4 0.92 0.04 125
500 4 0.92 0.05 125
500 4 0.92 0.06 137
500 4 0.92 0.07 125
500 4 0.92 0.08 125
500 4 0.92 0.09 125
500 4 0.93 0.01 2
500 4 0.93 0.02 125
500 4 0.93 0.03 125
500 4 0.93 0.04 125
500 4 0.93 0.05 125
500 4 0.93 0.06 137
500 4 0.93 0.07 125
500 4 0.93 0.08 125
500 4 0.93 0.09 125
500 4 0.94 0.01 2
500 4 0.94 0.02 125
500 4 0.94 0.03 125
500 4 0.94 0.04 125
500 4 0.94 0.05 125
500 4 0.94 0.06 138
500 4 0.94 0.07 125
500 4 0.94 0.08 125
500 4 0.94 0.09 125
500 4 0.95 0.01 2
500 4 0.95 0.02 127
500 4 0.95 0.03 125
500 4 0.95 0.04 125
500 4 0.95 0.05 125
500 4 0.95 0.06 135
500 4 0.95 0.07 125
500 4 0.95 0.08 125
500 4 0.95 0.09 125
500 4 0.96 0.01 125
500 4 0.96 0.02 250
500 4 0.96 0.03 125
500 4 0.96 0.04 125
500 4 0.96 0.05 125
500 4 0.96 0.06 125
500 4 0.96 0.07 125
500 4 0.96 0.08 125
500 4 0.96 0.09 125
500 4 0.97 0.01 125
500 4 0.97 0.02 1000000
500 4 0.97 0.03 125
500 4 0.97 0.04 125
500 4 0.97 0.05 125
500 4 0.97 0.06 125
500 4 0.97 0.07 125
500 4 0.97 0.08 125
500 4 0.97 0.09 125
500 4 0.98 0.01 2
500 4 0.98 0.02 250
500 4 0.98 0.03 125
500 4 0.98 0.04 125
500 4 0.98 0.05 125
500 4 0.98 0.06 131
500 4 0.98 0.07 125
500 4 0.98 0.08 125
500 4 0.98 0.09 125
500 4 0.99 0.01 125
500 4 0.99 0.02 125
500 4 0.99 0.03 125
500 4 0.99 0.04 125
500 4 0.99 0.05 125
500 4 0.99 0.06 125
500 4 0.99 0.07 125
500 4 0.99 0.08 125
500 4 0.99 0.09 125
500 5 0.90 0.01 102
500 5 0.90 0.02 1000000
500 5 0.90 0.03 1000000
500 5 0.90 0.04 1000000
500 5 0.90 0.05 1000000
500 5 0.90 0.06 1000000
500 5 0.90 0.07 1000000
500 5 0.90 0.08 1000000
500 5 0.90 0.09 1000000
500 5 0.91 0.01 2
500 5 0.91 0.02 1000000
500 5 0.91 0.03 200
500 5 0.91 0.04 200
500 5 0.91 0.05 202
500 5 0.91 0.06 1000000
500 5 0.91 0.07 1000000
500 5 0.91 0.08 221
500 5 0.91 0.09 1000000
500 5 0.92 0.01 1000000
500 5 0.92 0.02 100
500 5 0.92 0.03 200
500 5 0.92 0.04 100
500 5 0.92 0.05 1000000
500 5 0.92 0.06 1000000
500 5 0.92 0.07 1000000
500 5 0.92 0.08 1000000
500 5 0.92 0.09 1000000
500 5 0.93 0.01 2
500 5 0.93 0.02 1000000
500 5 0.93 0.03 102
500 5 0.93 0.04 1000000
500 5 0.93 0.05 1000000
500 5 0.93 0.06 1000000
500 5 0.93 0.07 1000000
500 5 0.93 0.08 1000000
500 5 0.93 0.09 1000000
500 5 0.94 0.01 2
500 5 0.94 0.02 1000000
500 5 0.94 0.03 200
500 5 0.94 0.04 1000000
500 5 0.94 0.05 100
500 5 0.94 0.06 1000000
500 5 0.94 0.07 1000000
500 5 0.94 0.08 1000000
500 5 0.94 0.09 1000000
500 5 0.95 0.01 2
500 5 0.95 0.02 1000000
500 5 0.95 0.03 1000000
500 5 0.95 0.04 200
500 5 0.95 0.05 1000000
500 5 0.95 0.06 1000000
500 5 0.95 0.07 1000000
500 5 0.95 0.08 1000000
500 5 0.95 0.09 1000000
500 5 0.96 0.01 2
500 5 0.96 0.02 100
500 5 0.96 0.03 100
500 5 0.96 0.04 202
500 5 0.96 0.05 204
500 5 0.96 0.06 1000000
500 5 0.96 0.07 1000000
500 5 0.96 0.08 1000000
500 5 0.96 0.09 1000000
500 5 0.97 0.01 2
500 5 0.97 0.02 2
500 5 0.97 0.03 1000000
500 5 0.97 0.04 200
500 5 0.97 0.05 102
500 5 0.97 0.06 1000000
500 5 0.97 0.07 1000000
500 5 0.97 0.08 1000000
500 5 0.97 0.09 1000000
500 5 0.98 0.01 2
500 5 0.98 0.02 1000000
500 5 0.98 0.03 1000000
500 5 0.98 0.04 200
500 5 0.98 0.05 1000000
500 5 0.98 0.06 1000000
500 5 0.98 0.07 1000000
500 5 0.98 0.08 1000000
500 5 0.98 0.09 1000000
500 5 0.99 0.01 2
500 5 0.99 0.02 100
500 5 0.99 0.03 1000000
500 5 0.99 0.04 1000000
500 5 0.99 0.05 1000000
500 5 0.99 0.06 1000000
500 5 0.99 0.07 1000000
500 5 0.99 0.08 1000000
500 5 0.99 0.09 1000000
498 6 0.90 0.01 2
498 6 0.90 0.02 1000000
498 6 0.90 0.03 1000000
498 6 0.90 0.04 1000000
498 6 0.90 0.05 1000000
498 6 0.90 0.06 1000000
498 6 0.90 0.07 1000000
498 6 0.90 0.08 1000000
498 6 0.90 0.09 1000000
498 6 0.91 0.01 2
498 6 0.91 0.02 1000000
498 6 0.91 0.03 166
498 6 0.91 0.04 1000000
498 6 0.91 0.05 1000000
498 6 0.91 0.06 1000000
498 6 0.91 0.07 1000000
498 6 0.91 0.08 1000000
498 6 0.91 0.09 1000000
498 6 0.92 0.01 2
498 6 0.92 0.02 1000000
498 6 0.92 0.03 166
498 6 0.92 0.04 1000000
498 6 0.92 0.05 1000000
498 6 0.92 0.06 1000000
498 6 0.92 0.07 1000000
498 6 0.92 0.08 1000000
498 6 0.92 0.09 1000000
498 6 0.93 0.01 1000000
498 6 0.93 0.02 1000000
498 6 0.93 0.03 166
498 6 0.93 0.04 1000000
498 6 0.93 0.05 1000000
498 6 0.93 0.06 1000000
498 6 0.93 0.07 1000000
498 6 0.93 0.08 1000000
498 6 0.93 0.09 1000000
498 6 0.94 0.01 1000000
498 6 0.94 0.02 1000000
498 6 0.94 0.03 1000000
498 6 0.94 0.04 1000000
498 6 0.94 0.05 1000000
498 6 0.94 0.06 1000000
498 6 0.94 0.07 1000000
498 6 0.94 0.08 1000000
498 6 0.94 0.09 1000000
498 6 0.95 0.01 1000000
498 6 0.95 0.02 1000000
498 6 0.95 0.03 1000000
498 6 0.95 0.04 1000000
498 6 0.95 0.05 1000000
498 6 0.95 0.06 1000000
498 6 0.95 0.07 1000000
498 6 0.95 0.08 1000000
498 6 0.95 0.09 1000000
498 6 0.96 0.01 1000000
498 6 0.96 0.02 1000000
498 6 0.96 0.03 1000000
498 6 0.96 0.04 1000000
498 6 0.96 0.05 1000000
498 6 0.96 0.06 1000000
498 6 0.96 0.07 1000000
498 6 0.96 0.08 1000000
498 6 0.96 0.09 1000000
498 6 0.97 0.01 3
498 6 0.97 0.02 1000000
498 6 0.97 0.03 1000000
498 6 0.97 0.04 166
498 6 0.97 0.05 1000000
498 6 0.97 0.06 1000000
498 6 0.97 0.07 1000000
498 6 0.97 0.08 1000000
498 6 0.97 0.09 1000000
498 6 0.98 0.01 85
498 6 0.98 0.02 1000000
498 6 0.98 0.03 1000000
498 6 0.98 0.04 1000000
498 6 0.98 0.05 1000000
498 6 0.98 0.06 1000000
498 6 0.98 0.07 1000000
498 6 0.98 0.08 1000000
498 6 0.98 0.09 1000000
498 6 0.99 0.01 1000000
498 6 0.99 0.02 1000000
498 6 0.99 0.03 1000000
498 6 0.99 0.04 1000000
498 6 0.99 0.05 1000000
498 6 0.99 0.06 1000000
498 6 0.99 0.07 1000000
498 6 0.99 0.08 1000000
498 6 0.99 0.09 1000000
497 7 0.90 0.01 2
497 7 0.90 0.02 1000000
497 7 0.90 0.03 1000000
497 7 0.90 0.04 1000000
497 7 0.90 0.05 1000000
497 7 0.90 0.06 1000000
497 7 0.90 0.07 1000000
497 7 0.90 0.08 1000000
497 7 0.90 0.09 1000000
497 7 0.91 0.01 2
497 7 0.91 0.02 1000000
497 7 0.91 0.03 1000000
497 7 0.91 0.04 1000000
497 7 0.91 0.05 1000000
497 7 0.91 0.06 1000000
497 7 0.91 0.07 1000000
497 7 0.91 0.08 1000000
497 7 0.91 0.09 1000000
497 7 0.92 0.01 1000000
497 7 0.92 0.02 1000000
497 7 0.92 0.03 1000000
497 7 0.92 0.04 1000000
497 7 0.92 0.05 1000000
497 7 0.92 0.06 1000000
497 7 0.92 0.07 1000000
497 7 0.92 0.08 1000000
497 7 0.92 0.09 1000000
497 7 0.93 0.01 1000000
497 7 0.93 0.02 1000000
497 7 0.93 0.03 1000000
497 7 0.93 0.04 1000000
497 7 0.93 0.05 1000000
497 7 0.93 0.06 1000000
497 7 0.93 0.07 1000000
497 7 0.93 0.08 1000000
497 7 0.93 0.09 1000000
497 7 0.94 0.01 1000000
497 7 0.94 0.02 1000000
497 7 0.94 0.03 1000000
497 7 0.94 0.04 1000000
497 7 0.94 0.05 1000000
497 7 0.94 0.06 1000000
497 7 0.94 0.07 1000000
497 7 0.94 0.08 1000000
497 7 0.94 0.09 1000000
497 7 0.95 0.01 2
497 7 0.95 0.02 1000000
497 7 0.95 0.03 1000000
497 7 0.95 0.04 1000000
497 7 0.95 0.05 1000000
497 7 0.95 0.06 1000000
497 7 0.95 0.07 1000000
497 7 0.95 0.08 1000000
497 7 0.95 0.09 1000000
497 7 0.96 0.01 1000000
497 7 0.96 0.02 1000000
497 7 0.96 0.03 1000000
497 7 0.96 0.04 1000000
497 7 0.96 0.05 1000000
497 7 0.96 0.06 1000000
497 7 0.96 0.07 1000000
497 7 0.96 0.08 1000000
497 7 0.96 0.09 1000000
497 7 0.97 0.01 1000000
497 7 0.97 0.02 1000000
497 7 0.97 0.03 1000000
497 7 0.97 0.04 1000000
497 7 0.97 0.05 1000000
497 7 0.97 0.06 1000000
497 7 0.97 0.07 1000000
497 7 0.97 0.08 1000000
497 7 0.97 0.09 1000000
497 7 0.98 0.01 1000000
497 7 0.98 0.02 1000000
497 7 0.98 0.03 1000000
497 7 0.98 0.04 1000000
497 7 0.98 0.05 1000000
497 7 0.98 0.06 1000000
497 7 0.98 0.07 1000000
497 7 0.98 0.08 1000000
497 7 0.98 0.09 1000000
497 7 0.99 0.01 2
497 7 0.99 0.02 1000000
497 7 0.99 0.03 1000000
497 7 0.99 0.04 1000000
497 7 0.99 0.05 1000000
497 7 0.99 0.06 1000000
497 7 0.99 0.07 1000000
497 7 0.99 0.08 1000000
497 7 0.99 0.09 1000000
496 8 0.90 0.01 1000000
496 8 0.90 0.02 1000000
496 8 0.90 0.03 1000000
496 8 0.90 0.04 1000000
496 8 0.90 0.05 1000000
496 8 0.90 0.06 1000000
496 8 0.90 0.07 1000000
496 8 0.90 0.08 1000000
496 8 0.90 0.09 1000000
496 8 0.91 0.01 64
496 8 0.91 0.02 1000000
496 8 0.91 0.03 1000000
496 8 0.91 0.04 1000000
496 8 0.91 0.05 1000000
496 8 0.91 0.06 1000000
496 8 0.91 0.07 1000000
496 8 0.91 0.08 1000000
496 8 0.91 0.09 1000000
496 8 0.92 0.01 64
496 8 0.92 0.02 1000000
496 8 0.92 0.03 1000000
496 8 0.92 0.04 1000000
496 8 0.92 0.05 1000000
496 8 0.92 0.06 1000000
496 8 0.92 0.07 1000000
496 8 0.92 0.08 1000000
496 8 0.92 0.09 1000000
496 8 0.93 0.01 1000000
496 8 0.93 0.02 1000000
496 8 0.93 0.03 1000000
496 8 0.93 0.04 1000000
496 8 0.93 0.05 1000000
496 8 0.93 0.06 1000000
496 8 0.93 0.07 1000000
496 8 0.93 0.08 1000000
496 8 0.93 0.09 1000000
496 8 0.94 0.01 62
496 8 0.94 0.02 1000000
496 8 0.94 0.03 1000000
496 8 0.94 0.04 1000000
496 8 0.94 0.05 1000000
496 8 0.94 0.06 1000000
496 8 0.94 0.07 1000000
496 8 0.94 0.08 1000000
496 8 0.94 0.09 1000000
496 8 0.95 0.01 1000000
496 8 0.95 0.02 1000000
496 8 0.95 0.03 1000000
496 8 0.95 0.04 1000000
496 8 0.95 0.05 1000000
496 8 0.95 0.06 1000000
496 8 0.95 0.07 1000000
496 8 0.95 0.08 1000000
496 8 0.95 0.09 1000000
496 8 0.96 0.01 1000000
496 8 0.96 0.02 1000000
496 8 0.96 0.03 1000000
496 8 0.96 0.04 1000000
496 8 0.96 0.05 1000000
496 8 0.96 0.06 1000000
496 8 0.96 0.07 1000000
496 8 0.96 0.08 1000000
496 8 0.96 0.09 1000000
496 8 0.97 0.01 1000000
496 8 0.97 0.02 1000000
496 8 0.97 0.03 1000000
496 8 0.97 0.04 1000000
496 8 0.97 0.05 1000000
496 8 0.97 0.06 1000000
496 8 0.97 0.07 1000000
496 8 0.97 0.08 1000000
496 8 0.97 0.09 1000000
496 8 0.98 0.01 64
496 8 0.98 0.02 1000000
496 8 0.98 0.03 1000000
496 8 0.98 0.04 1000000
496 8 0.98 0.05 1000000
496 8 0.98 0.06 1000000
496 8 0.98 0.07 1000000
496 8 0.98 0.08 1000000
496 8 0.98 0.09 1000000
496 8 0.99 0.01 1000000
496 8 0.99 0.02 1000000
496 8 0.99 0.03 1000000
496 8 0.99 0.04 1000000
496 8 0.99 0.05 1000000
496 8 0.99 0.06 1000000
496 8 0.99 0.07 1000000
496 8 0.99 0.08 1000000
496 8 0.99 0.09 1000000
495 9 0.90 0.01 1000000
495 9 0.90 0.02 1000000
495 9 0.90 0.03 1000000
495 9 0.90 0.04 1000000
495 9 0.90 0.05 1000000
495 9 0.90 0.06 1000000
495 9 0.90 0.07 1000000
495 9 0.90 0.08 1000000
495 9 0.90 0.09 1000000
495 9 0.91 0.01 1000000
495 9 0.91 0.02 1000000
495 9 0.91 0.03 1000000
495 9 0.91 0.04 1000000
495 9 0.91 0.05 1000000
495 9 0.91 0.06 1000000
495 9 0.91 0.07 1000000
495 9 0.91 0.08 1000000
495 9 0.91 0.09 1000000
495 9 0.92 0.01 1000000
495 9 0.92 0.02 1000000
495 9 0.92 0.03 1000000
495 9 0.92 0.04 1000000
495 9 0.92 0.05 1000000
495 9 0.92 0.06 1000000
495 9 0.92 0.07 1000000
495 9 0.92 0.08 1000000
495 9 0.92 0.09 1000000
495 9 0.93 0.01 1000000
495 9 0.93 0.02 1000000
495 9 0.93 0.03 1000000
495 9 0.93 0.04 1000000
495 9 0.93 0.05 1000000
495 9 0.93 0.06 1000000
495 9 0.93 0.07 1000000
495 9 0.93 0.08 1000000
495 9 0.93 0.09 1000000
495 9 0.94 0.01 1000000
495 9 0.94 0.02 1000000
495 9 0.94 0.03 1000000
495 9 0.94 0.04 1000000
495 9 0.94 0.05 1000000
495 9 0.94 0.06 1000000
495 9 0.94 0.07 1000000
495 9 0.94 0.08 1000000
495 9 0.94 0.09 1000000
495 9 0.95 0.01 1000000
495 9 0.95 0.02 1000000
495 9 0.95 0.03 1000000
495 9 0.95 0.04 1000000
495 9 0.95 0.05 1000000
495 9 0.95 0.06 1000000
495 9 0.95 0.07 1000000
495 9 0.95 0.08 1000000
495 9 0.95 0.09 1000000
495 9 0.96 0.01 1000000
495 9 0.96 0.02 1000000
495 9 0.96 0.03 1000000
495 9 0.96 0.04 1000000
495 9 0.96 0.05 1000000
495 9 0.96 0.06 1000000
495 9 0.96 0.07 1000000
495 9 0.96 0.08 1000000
495 9 0.96 0.09 1000000
495 9 0.97 0.01 1000000
495 9 0.97 0.02 1000000
495 9 0.97 0.03 1000000
495 9 0.97 0.04 1000000
495 9 0.97 0.05 1000000
495 9 0.97 0.06 1000000
495 9 0.97 0.07 1000000
495 9 0.97 0.08 1000000
495 9 0.97 0.09 1000000
495 9 0.98 0.01 1000000
495 9 0.98 0.02 1000000
495 9 0.98 0.03 1000000
495 9 0.98 0.04 1000000
495 9 0.98 0.05 1000000
495 9 0.98 0.06 1000000
495 9 0.98 0.07 1000000
495 9 0.98 0.08 1000000
495 9 0.98 0.09 1000000
495 9 0.99 0.01 1000000
495 9 0.99 0.02 1000000
495 9 0.99 0.03 1000000
495 9 0.99 0.04 1000000
495 9 0.99 0.05 1000000
495 9 0.99 0.06 1000000
495 9 0.99 0.07 1000000
495 9 0.99 0.08 1000000
495 9 0.99 0.09 1000000
500 10 0.90 0.01 1000000
500 10 0.90 0.02 1000000
500 10 0.90 0.03 1000000
500 10 0.90 0.04 1000000
500 10 0.90 0.05 1000000
500 10 0.90 0.06 1000000
500 10 0.90 0.07 1000000
500 10 0.90 0.08 1000000
500 10 0.90 0.09 1000000
500 10 0.91 0.01 1000000
500 10 0.91 0.02 1000000
500 10 0.91 0.03 1000000
500 10 0.91 0.04 1000000
500 10 0.91 0.05 1000000
500 10 0.91 0.06 1000000
500 10 0.91 0.07 1000000
500 10 0.91 0.08 1000000
500 10 0.91 0.09 1000000
500 10 0.92 0.01 1000000
500 10 0.92 0.02 1000000
500 10 0.92 0.03 1000000
500 10 0.92 0.04 1000000
500 10 0.92 0.05 1000000
500 10 0.92 0.06 1000000
500 10 0.92 0.07 1000000
500 10 0.92 0.08 1000000
500 10 0.92 0.09 1000000
500 10 0.93 0.01 1000000
500 10 0.93 0.02 1000000
500 10 0.93 0.03 1000000
500 10 0.93 0.04 1000000
500 10 0.93 0.05 1000000
500 10 0.93 0.06 1000000
500 10 0.93 0.07 1000000
500 10 0.93 0.08 1000000
500 10 0.93 0.09 1000000
500 10 0.94 0.01 1000000
500 10 0.94 0.02 1000000
500 10 0.94 0.03 1000000
500 10 0.94 0.04 1000000
500 10 0.94 0.05 1000000
500 10 0.94 0.06 1000000
500 10 0.94 0.07 1000000
500 10 0.94 0.08 1000000
500 10 0.94 0.09 1000000
500 10 0.95 0.01 1000000
500 10 0.95 0.02 1000000
500 10 0.95 0.03 1000000
500 10 0.95 0.04 1000000
500 10 0.95 0.05 1000000
500 10 0.95 0.06 1000000
500 10 0.95 0.07 1000000
500 10 0.95 0.08 1000000
500 10 0.95 0.09 1000000
500 10 0.96 0.01 1000000
500 10 0.96 0.02 1000000
500 10 0.96 0.03 1000000
500 10 0.96 0.04 1000000
500 10 0.96 0.05 1000000
500 10 0.96 0.06 1000000
500 10 0.96 0.07 1000000
500 10 0.96 0.08 1000000
500 10 0.96 0.09 1000000
500 10 0.97 0.01 1000000
500 10 0.97 0.02 1000000
500 10 0.97 0.03 1000000
500 10 0.97 0.04 1000000
500 10 0.97 0.05 1000000
500 10 0.97 0.06 1000000
500 10 0.97 0.07 1000000
500 10 0.97 0.08 1000000
500 10 0.97 0.09 1000000
500 10 0.98 0.01 1000000
500 10 0.98 0.02 1000000
500 10 0.98 0.03 1000000
500 10 0.98 0.04 1000000
500 10 0.98 0.05 1000000
500 10 0.98 0.06 1000000
500 10 0.98 0.07 1000000
500 10 0.98 0.08 1000000
500 10 0.98 0.09 1000000
500 10 0.99 0.01 1000000
500 10 0.99 0.02 1000000
500 10 0.99 0.03 1000000
500 10 0.99 0.04 1000000
500 10 0.99 0.05 1000000
500 10 0.99 0.06 1000000
500 10 0.99 0.07 1000000
500 10 0.99 0.08 1000000
500 10 0.99 0.09 1000000
495 11 0.90 0.01 1000000
495 11 0.90 0.02 1000000
495 11 0.90 0.03 1000000
495 11 0.90 0.04 1000000
495 11 0.90 0.05 1000000
495 11 0.90 0.06 1000000
495 11 0.90 0.07 1000000
495 11 0.90 0.08 1000000
495 11 0.90 0.09 1000000
495 11 0.91 0.01 1000000
495 11 0.91 0.02 1000000
495 11 0.91 0.03 1000000
495 11 0.91 0.04 1000000
495 11 0.91 0.05 1000000
495 11 0.91 0.06 1000000
495 11 0.91 0.07 1000000
495 11 0.91 0.08 1000000
495 11 0.91 0.09 1000000
495 11 0.92 0.01 1000000
495 11 0.92 0.02 1000000
495 11 0.92 0.03 1000000
495 11 0.92 0.04 1000000
495 11 0.92 0.05 1000000
495 11 0.92 0.06 1000000
495 11 0.92 0.07 1000000
495 11 0.92 0.08 1000000
495 11 0.92 0.09 1000000
495 11 0.93 0.01 1000000
495 11 0.93 0.02 1000000
495 11 0.93 0.03 1000000
495 11 0.93 0.04 1000000
495 11 0.93 0.05 1000000
495 11 0.93 0.06 1000000
495 11 0.93 0.07 1000000
495 11 0.93 0.08 1000000
495 11 0.93 0.09 1000000
495 11 0.94 0.01 1000000
495 11 0.94 0.02 1000000
495 11 0.94 0.03 1000000
495 11 0.94 0.04 1000000
495 11 0.94 0.05 1000000
495 11 0.94 0.06 1000000
495 11 0.94 0.07 1000000
495 11 0.94 0.08 1000000
495 11 0.94 0.09 1000000
495 11 0.95 0.01 1000000
495 11 0.95 0.02 1000000
495 11 0.95 0.03 1000000
495 11 0.95 0.04 1000000
495 11 0.95 0.05 1000000
495 11 0.95 0.06 1000000
495 11 0.95 0.07 1000000
495 11 0.95 0.08 1000000
495 11 0.95 0.09 1000000
495 11 0.96 0.01 1000000
495 11 0.96 0.02 1000000
495 11 0.96 0.03 1000000
495 11 0.96 0.04 1000000
495 11 0.96 0.05 1000000
495 11 0.96 0.06 1000000
495 11 0.96 0.07 1000000
495 11 0.96 0.08 1000000
495 11 0.96 0.09 1000000
495 11 0.97 0.01 1000000
495 11 0.97 0.02 1000000
495 11 0.97 0.03 1000000
495 11 0.97 0.04 1000000
495 11 0.97 0.05 1000000
495 11 0.97 0.06 1000000
495 11 0.97 0.07 1000000
495 11 0.97 0.08 1000000
495 11 0.97 0.09 1000000
495 11 0.98 0.01 1000000
495 11 0.98 0.02 1000000
495 11 0.98 0.03 1000000
495 11 0.98 0.04 1000000
495 11 0.98 0.05 1000000
495 11 0.98 0.06 1000000
495 11 0.98 0.07 1000000
495 11 0.98 0.08 1000000
495 11 0.98 0.09 1000000
495 11 0.99 0.01 1000000
495 11 0.99 0.02 1000000
495 11 0.99 0.03 1000000
495 11 0.99 0.04 1000000
495 11 0.99 0.05 1000000
495 11 0.99 0.06 1000000
495 11 0.99 0.07 1000000
495 11 0.99 0.08 1000000
495 11 0.99 0.09 1000000
492 12 0.90 0.01 1000000
492 12 0.90 0.02 1000000
492 12 0.90 0.03 1000000
492 12 0.90 0.04 1000000
492 12 0.90 0.05 1000000
492 12 0.90 0.06 1000000
492 12 0.90 0.07 1000000
492 12 0.90 0.08 1000000
492 12 0.90 0.09 1000000
492 12 0.91 0.01 1000000
492 12 0.91 0.02 1000000
492 12 0.91 0.03 1000000
492 12 0.91 0.04 1000000
492 12 0.91 0.05 1000000
492 12 0.91 0.06 1000000
492 12 0.91 0.07 1000000
492 12 0.91 0.08 1000000
492 12 0.91 0.09 1000000
492 12 0.92 0.01 1000000
492 12 0.92 0.02 1000000
492 12 0.92 0.03 1000000
492 12 0.92 0.04 1000000
492 12 0.92 0.05 1000000
492 12 0.92 0.06 1000000
492 12 0.92 0.07 1000000
492 12 0.92 0.08 1000000
492 12 0.92 0.09 1000000
492 12 0.93 0.01 1000000
492 12 0.93 0.02 1000000
492 12 0.93 0.03 1000000
492 12 0.93 0.04 1000000
492 12 0.93 0.05 1000000
492 12 0.93 0.06 1000000
492 12 0.93 0.07 1000000
492 12 0.93 0.08 1000000
492 12 0.93 0.09 1000000
492 12 0.94 0.01 1000000
492 12 0.94 0.02 1000000
492 12 0.94 0.03 1000000
492 12 0.94 0.04 1000000
492 12 0.94 0.05 1000000
492 12 0.94 0.06 1000000
492 12 0.94 0.07 1000000
492 12 0.94 0.08 1000000
492 12 0.94 0.09 1000000
492 12 0.95 0.01 1000000
492 12 0.95 0.02 1000000
492 12 0.95 0.03 1000000
492 12 0.95 0.04 1000000
492 12 0.95 0.05 1000000
492 12 0.95 0.06 1000000
492 12 0.95 0.07 1000000
492 12 0.95 0.08 1000000
492 12 0.95 0.09 1000000
492 12 0.96 0.01 1000000
492 12 0.96 0.02 1000000
492 12 0.96 0.03 1000000
492 12 0.96 0.04 1000000
492 12 0.96 0.05 1000000
492 12 0.96 0.06 1000000
492 12 0.96 0.07 1000000
492 12 0.96 0.08 1000000
492 12 0.96 0.09 1000000
492 12 0.97 0.01 1000000
492 12 0.97 0.02 1000000
492 12 0.97 0.03 1000000
492 12 0.97 0.04 1000000
492 12 0.97 0.05 1000000
492 12 0.97 0.06 1000000
492 12 0.97 0.07 1000000
492 12 0.97 0.08 1000000
492 12 0.97 0.09 1000000
492 12 0.98 0.01 1000000
492 12 0.98 0.02 1000000
492 12 0.98 0.03 1000000
492 12 0.98 0.04 1000000
492 12 0.98 0.05 1000000
492 12 0.98 0.06 1000000
492 12 0.98 0.07 1000000
492 12 0.98 0.08 1000000
492 12 0.98 0.09 1000000
492 12 0.99 0.01 1000000
492 12 0.99 0.02 1000000
492 12 0.99 0.03 1000000
492 12 0.99 0.04 1000000
492 12 0.99 0.05 1000000
492 12 0.99 0.06 1000000
492 12 0.99 0.07 1000000
492 12 0.99 0.08 1000000
492 12 0.99 0.09 1000000
494 13 0.90 0.01 1000000
494 13 0.90 0.02 1000000
494 13 0.90 0.03 1000000
494 13 0.90 0.04 1000000
494 13 0.90 0.05 1000000
494 13 0.90 0.06 1000000
494 13 0.90 0.07 1000000
494 13 0.90 0.08 1000000
494 13 0.90 0.09 1000000
494 13 0.91 0.01 1000000
494 13 0.91 0.02 1000000
494 13 0.91 0.03 1000000
494 13 0.91 0.04 1000000
494 13 0.91 0.05 1000000
494 13 0.91 0.06 1000000
494 13 0.91 0.07 1000000
494 13 0.91 0.08 1000000
494 13 0.91 0.09 1000000
494 13 0.92 0.01 1000000
494 13 0.92 0.02 1000000
494 13 0.92 0.03 1000000
494 13 0.92 0.04 1000000
494 13 0.92 0.05 1000000
494 13 0.92 0.06 1000000
494 13 0.92 0.07 1000000
494 13 0.92 0.08 1000000
494 13 0.92 0.09 1000000
494 13 0.93 0.01 1000000
494 13 0.93 0.02 1000000
494 13 0.93 0.03 1000000
494 13 0.93 0.04 1000000
494 13 0.93 0.05 1000000
494 13 0.93 0.06 1000000
494 13 0.93 0.07 1000000
494 13 0.93 0.08 1000000
494 13 0.93 0.09 1000000
494 13 0.94 0.01 1000000
494 13 0.94 0.02 1000000
494 13 0.94 0.03 1000000
494 13 0.94 0.04 1000000
494 13 0.94 0.05 1000000
494 13 0.94 0.06 1000000
494 13 0.94 0.07 1000000
494 13 0.94 0.08 1000000
494 13 0.94 0.09 1000000
494 13 0.95 0.01 1000000
494 13 0.95 0.02 1000000
494 13 0.95 0.03 1000000
494 13 0.95 0.04 1000000
494 13 0.95 0.05 1000000
494 13 0.95 0.06 1000000
494 13 0.95 0.07 1000000
494 13 0.95 0.08 1000000
494 13 0.95 0.09 1000000
494 13 0.96 0.01 1000000
494 13 0.96 0.02 1000000
494 13 0.96 0.03 1000000
494 13 0.96 0.04 1000000
494 13 0.96 0.05 1000000
494 13 0.96 0.06 1000000
494 13 0.96 0.07 1000000
494 13 0.96 0.08 1000000
494 13 0.96 0.09 1000000
494 13 0.97 0.01 1000000
494 13 0.97 0.02 1000000
494 13 0.97 0.03 1000000
494 13 0.97 0.04 1000000
494 13 0.97 0.05 1000000
494 13 0.97 0.06 1000000
494 13 0.97 0.07 1000000
494 13 0.97 0.08 1000000
494 13 0.97 0.09 1000000
494 13 0.98 0.01 1000000
494 13 0.98 0.02 1000000
494 13 0.98 0.03 1000000
494 13 0.98 0.04 1000000
494 13 0.98 0.05 1000000
494 13 0.98 0.06 1000000
494 13 0.98 0.07 1000000
494 13 0.98 0.08 1000000
494 13 0.98 0.09 1000000
494 13 0.99 0.01 1000000
494 13 0.99 0.02 1000000
494 13 0.99 0.03 1000000
494 13 0.99 0.04 1000000
494 13 0.99 0.05 1000000
494 13 0.99 0.06 1000000
494 13 0.99 0.07 1000000
494 13 0.99 0.08 1000000
494 13 0.99 0.09 1000000
490 14 0.90 0.01 1000000
490 14 0.90 0.02 1000000
490 14 0.90 0.03 1000000
490 14 0.90 0.04 1000000
490 14 0.90 0.05 1000000
490 14 0.90 0.06 1000000
490 14 0.90 0.07 1000000
490 14 0.90 0.08 1000000
490 14 0.90 0.09 1000000
490 14 0.91 0.01 1000000
490 14 0.91 0.02 1000000
490 14 0.91 0.03 1000000
490 14 0.91 0.04 1000000
490 14 0.91 0.05 1000000
490 14 0.91 0.06 1000000
490 14 0.91 0.07 1000000
490 14 0.91 0.08 1000000
490 14 0.91 0.09 1000000
490 14 0.92 0.01 1000000
490 14 0.92 0.02 1000000
490 14 0.92 0.03 1000000
490 14 0.92 0.04 1000000
490 14 0.92 0.05 1000000
490 14 0.92 0.06 1000000
490 14 0.92 0.07 1000000
490 14 0.92 0.08 1000000
490 14 0.92 0.09 1000000
490 14 0.93 0.01 1000000
490 14 0.93 0.02 1000000
490 14 0.93 0.03 1000000
490 14 0.93 0.04 1000000
490 14 0.93 0.05 1000000
490 14 0.93 0.06 1000000
490 14 0.93 0.07 1000000
490 14 0.93 0.08 1000000
490 14 0.93 0.09 1000000
490 14 0.94 0.01 1000000
490 14 0.94 0.02 1000000
490 14 0.94 0.03 1000000
490 14 0.94 0.04 1000000
490 14 0.94 0.05 1000000
490 14 0.94 0.06 1000000
490 14 0.94 0.07 1000000
490 14 0.94 0.08 1000000
490 14 0.94 0.09 1000000
490 14 0.95 0.01 1000000
490 14 0.95 0.02 1000000
490 14 0.95 0.03 1000000
490 14 0.95 0.04 1000000
490 14 0.95 0.05 1000000
490 14 0.95 0.06 1000000
490 14 0.95 0.07 1000000
490 14 0.95 0.08 1000000
490 14 0.95 0.09 1000000
490 14 0.96 0.01 1000000
490 14 0.96 0.02 1000000
490 14 0.96 0.03 1000000
490 14 0.96 0.04 1000000
490 14 0.96 0.05 1000000
490 14 0.96 0.06 1000000
490 14 0.96 0.07 1000000
490 14 0.96 0.08 1000000
490 14 0.96 0.09 1000000
490 14 0.97 0.01 1000000
490 14 0.97 0.02 1000000
490 14 0.97 0.03 1000000
490 14 0.97 0.04 1000000
490 14 0.97 0.05 1000000
490 14 0.97 0.06 1000000
490 14 0.97 0.07 1000000
490 14 0.97 0.08 1000000
490 14 0.97 0.09 1000000
490 14 0.98 0.01 1000000
490 14 0.98 0.02 1000000
490 14 0.98 0.03 1000000
490 14 0.98 0.04 1000000
490 14 0.98 0.05 1000000
490 14 0.98 0.06 1000000
490 14 0.98 0.07 1000000
490 14 0.98 0.08 1000000
490 14 0.98 0.09 1000000
490 14 0.99 0.01 1000000
490 14 0.99 0.02 1000000
490 14 0.99 0.03 1000000
490 14 0.99 0.04 1000000
490 14 0.99 0.05 1000000
490 14 0.99 0.06 1000000
490 14 0.99 0.07 1000000
490 14 0.99 0.08 1000000
490 14 0.99 0.09 1000000
495 15 0.90 0.01 1000000
495 15 0.90 0.02 1000000
495 15 0.90 0.03 1000000
495 15 0.90 0.04 1000000
495 15 0.90 0.05 1000000
495 15 0.90 0.06 1000000
495 15 0.90 0.07 1000000
495 15 0.90 0.08 1000000
495 15 0.90 0.09 1000000
495 15 0.91 0.01 1000000
495 15 0.91 0.02 1000000
495 15 0.91 0.03 1000000
495 15 0.91 0.04 1000000
495 15 0.91 0.05 1000000
495 15 0.91 0.06 1000000
495 15 0.91 0.07 1000000
495 15 0.91 0.08 1000000
495 15 0.91 0.09 1000000
495 15 0.92 0.01 1000000
495 15 0.92 0.02 1000000
495 15 0.92 0.03 1000000
495 15 0.92 0.04 1000000
495 15 0.92 0.05 1000000
495 15 0.92 0.06 1000000
495 15 0.92 0.07 1000000
495 15 0.92 0.08 1000000
495 15 0.92 0.09 1000000
495 15 0.93 0.01 1000000
495 15 0.93 0.02 1000000
495 15 0.93 0.03 1000000
495 15 0.93 0.04 1000000
495 15 0.93 0.05 1000000
495 15 0.93 0.06 1000000
495 15 0.93 0.07 1000000
495 15 0.93 0.08 1000000
495 15 0.93 0.09 1000000
495 15 0.94 0.01 1000000
495 15 0.94 0.02 1000000
495 15 0.94 0.03 1000000
495 15 0.94 0.04 1000000
495 15 0.94 0.05 1000000
495 15 0.94 0.06 1000000
495 15 0.94 0.07 1000000
495 15 0.94 0.08 1000000
495 15 0.94 0.09 1000000
495 15 0.95 0.01 1000000
495 15 0.95 0.02 1000000
495 15 0.95 0.03 1000000
495 15 0.95 0.04 1000000
495 15 0.95 0.05 1000000
495 15 0.95 0.06 1000000
495 15 0.95 0.07 1000000
495 15 0.95 0.08 1000000
495 15 0.95 0.09 1000000
495 15 0.96 0.01 1000000
495 15 0.96 0.02 1000000
495 15 0.96 0.03 1000000
495 15 0.96 0.04 1000000
495 15 0.96 0.05 1000000
495 15 0.96 0.06 1000000
495 15 0.96 0.07 1000000
495 15 0.96 0.08 1000000
495 15 0.96 0.09 1000000
495 15 0.97 0.01 1000000
495 15 0.97 0.02 1000000
495 15 0.97 0.03 1000000
495 15 0.97 0.04 1000000
495 15 0.97 0.05 1000000
495 15 0.97 0.06 1000000
495 15 0.97 0.07 1000000
495 15 0.97 0.08 1000000
495 15 0.97 0.09 1000000
495 15 0.98 0.01 1000000
495 15 0.98 0.02 1000000
495 15 0.98 0.03 1000000
495 15 0.98 0.04 1000000
495 15 0.98 0.05 1000000
495 15 0.98 0.06 1000000
495 15 0.98 0.07 1000000
495 15 0.98 0.08 1000000
495 15 0.98 0.09 1000000
495 15 0.99 0.01 1000000
495 15 0.99 0.02 1000000
495 15 0.99 0.03 1000000
495 15 0.99 0.04 1000000
495 15 0.99 0.05 1000000
495 15 0.99 0.06 1000000
495 15 0.99 0.07 1000000
495 15 0.99 0.08 1000000
495 15 0.99 0.09 1000000
496 16 0.90 0.01 1000000
496 16 0.90 0.02 1000000
496 16 0.90 0.03 1000000
496 16 0.90 0.04 1000000
496 16 0.90 0.05 1000000
496 16 0.90 0.06 1000000
496 16 0.90 0.07 1000000
496 16 0.90 0.08 1000000
496 16 0.90 0.09 1000000
496 16 0.91 0.01 1000000
496 16 0.91 0.02 1000000
496 16 0.91 0.03 1000000
496 16 0.91 0.04 1000000
496 16 0.91 0.05 1000000
496 16 0.91 0.06 1000000
496 16 0.91 0.07 1000000
496 16 0.91 0.08 1000000
496 16 0.91 0.09 1000000
496 16 0.92 0.01 1000000
496 16 0.92 0.02 1000000
496 16 0.92 0.03 1000000
496 16 0.92 0.04 1000000
496 16 0.92 0.05 1000000
496 16 0.92 0.06 1000000
496 16 0.92 0.07 1000000
496 16 0.92 0.08 1000000
496 16 0.92 0.09 1000000
496 16 0.93 0.01 1000000
496 16 0.93 0.02 1000000
496 16 0.93 0.03 1000000
496 16 0.93 0.04 1000000
496 16 0.93 0.05 1000000
496 16 0.93 0.06 1000000
496 16 0.93 0.07 1000000
496 16 0.93 0.08 1000000
496 16 0.93 0.09 1000000
496 16 0.94 0.01 1000000
496 16 0.94 0.02 1000000
496 16 0.94 0.03 1000000
496 16 0.94 0.04 1000000
496 16 0.94 0.05 1000000
496 16 0.94 0.06 1000000
496 16 0.94 0.07 1000000
496 16 0.94 0.08 1000000
496 16 0.94 0.09 1000000
496 16 0.95 0.01 1000000
496 16 0.95 0.02 1000000
496 16 0.95 0.03 1000000
496 16 0.95 0.04 1000000
496 16 0.95 0.05 1000000
496 16 0.95 0.06 1000000
496 16 0.95 0.07 1000000
496 16 0.95 0.08 1000000
496 16 0.95 0.09 1000000
496 16 0.96 0.01 1000000
496 16 0.96 0.02 1000000
496 16 0.96 0.03 1000000
496 16 0.96 0.04 1000000
496 16 0.96 0.05 1000000
496 16 0.96 0.06 1000000
496 16 0.96 0.07 1000000
496 16 0.96 0.08 1000000
496 16 0.96 0.09 1000000
496 16 0.97 0.01 1000000
496 16 0.97 0.02 1000000
496 16 0.97 0.03 1000000
496 16 0.97 0.04 1000000
496 16 0.97 0.05 1000000
496 16 0.97 0.06 1000000
496 16 0.97 0.07 1000000
496 16 0.97 0.08 1000000
496 16 0.97 0.09 1000000
496 16 0.98 0.01 1000000
496 16 0.98 0.02 1000000
496 16 0.98 0.03 1000000
496 16 0.98 0.04 1000000
496 16 0.98 0.05 1000000
496 16 0.98 0.06 1000000
496 16 0.98 0.07 1000000
496 16 0.98 0.08 1000000
496 16 0.98 0.09 1000000
496 16 0.99 0.01 1000000
496 16 0.99 0.02 1000000
496 16 0.99 0.03 1000000
496 16 0.99 0.04 1000000
496 16 0.99 0.05 1000000
496 16 0.99 0.06 1000000
496 16 0.99 0.07 1000000
496 16 0.99 0.08 1000000
496 16 0.99 0.09 1000000
493 17 0.90 0.01 1000000
493 17 0.90 0.02 1000000
493 17 0.90 0.03 1000000
493 17 0.90 0.04 1000000
493 17 0.90 0.05 1000000
493 17 0.90 0.06 1000000
493 17 0.90 0.07 1000000
493 17 0.90 0.08 1000000
493 17 0.90 0.09 1000000
493 17 0.91 0.01 1000000
493 17 0.91 0.02 1000000
493 17 0.91 0.03 1000000
493 17 0.91 0.04 1000000
493 17 0.91 0.05 1000000
493 17 0.91 0.06 1000000
493 17 0.91 0.07 1000000
493 17 0.91 0.08 1000000
493 17 0.91 0.09 1000000
493 17 0.92 0.01 1000000
493 17 0.92 0.02 1000000
493 17 0.92 0.03 1000000
493 17 0.92 0.04 1000000
493 17 0.92 0.05 1000000
493 17 0.92 0.06 1000000
493 17 0.92 0.07 1000000
493 17 0.92 0.08 1000000
493 17 0.92 0.09 1000000
493 17 0.93 0.01 1000000
493 17 0.93 0.02 1000000
493 17 0.93 0.03 1000000
493 17 0.93 0.04 1000000
493 17 0.93 0.05 1000000
493 17 0.93 0.06 1000000
493 17 0.93 0.07 1000000
493 17 0.93 0.08 1000000
493 17 0.93 0.09 1000000
493 17 0.94 0.01 1000000
493 17 0.94 0.02 1000000
493 17 0.94 0.03 1000000
493 17 0.94 0.04 1000000
493 17 0.94 0.05 1000000
493 17 0.94 0.06 1000000
493 17 0.94 0.07 1000000
493 17 0.94 0.08 1000000
493 17 0.94 0.09 1000000
493 17 0.95 0.01 1000000
493 17 0.95 0.02 1000000
493 17 0.95 0.03 1000000
493 17 0.95 0.04 1000000
493 17 0.95 0.05 1000000
493 17 0.95 0.06 1000000
493 17 0.95 0.07 1000000
493 17 0.95 0.08 1000000
493 17 0.95 0.09 1000000
493 17 0.96 0.01 1000000
493 17 0.96 0.02 1000000
493 17 0.96 0.03 1000000
493 17 0.96 0.04 1000000
493 17 0.96 0.05 1000000
493 17 0.96 0.06 1000000
493 17 0.96 0.07 1000000
493 17 0.96 0.08 1000000
493 17 0.96 0.09 1000000
493 17 0.97 0.01 1000000
493 17 0.97 0.02 1000000
493 17 0.97 0.03 1000000
493 17 0.97 0.04 1000000
493 17 0.97 0.05 1000000
493 17 0.97 0.06 1000000
493 17 0.97 0.07 1000000
493 17 0.97 0.08 1000000
493 17 0.97 0.09 1000000
493 17 0.98 0.01 1000000
493 17 0.98 0.02 1000000
493 17 0.98 0.03 1000000
493 17 0.98 0.04 1000000
493 17 0.98 0.05 1000000
493 17 0.98 0.06 1000000
493 17 0.98 0.07 1000000
493 17 0.98 0.08 1000000
493 17 0.98 0.09 1000000
493 17 0.99 0.01 1000000
493 17 0.99 0.02 1000000
493 17 0.99 0.03 1000000
493 17 0.99 0.04 1000000
493 17 0.99 0.05 1000000
493 17 0.99 0.06 1000000
493 17 0.99 0.07 1000000
493 17 0.99 0.08 1000000
493 17 0.99 0.09 1000000
486 18 0.90 0.01 1000000
486 18 0.90 0.02 1000000
486 18 0.90 0.03 1000000
486 18 0.90 0.04 1000000
486 18 0.90 0.05 1000000
486 18 0.90 0.06 1000000
486 18 0.90 0.07 1000000
486 18 0.90 0.08 1000000
486 18 0.90 0.09 1000000
486 18 0.91 0.01 1000000
486 18 0.91 0.02 1000000
486 18 0.91 0.03 1000000
486 18 0.91 0.04 1000000
486 18 0.91 0.05 1000000
486 18 0.91 0.06 1000000
486 18 0.91 0.07 1000000
486 18 0.91 0.08 1000000
486 18 0.91 0.09 1000000
486 18 0.92 0.01 1000000
486 18 0.92 0.02 1000000
486 18 0.92 0.03 1000000
486 18 0.92 0.04 1000000
486 18 0.92 0.05 1000000
486 18 0.92 0.06 1000000
486 18 0.92 0.07 1000000
486 18 0.92 0.08 1000000
486 18 0.92 0.09 1000000
486 18 0.93 0.01 1000000
486 18 0.93 0.02 1000000
486 18 0.93 0.03 1000000
486 18 0.93 0.04 1000000
486 18 0.93 0.05 1000000
486 18 0.93 0.06 1000000
486 18 0.93 0.07 1000000
486 18 0.93 0.08 1000000
486 18 0.93 0.09 1000000
486 18 0.94 0.01 1000000
486 18 0.94 0.02 1000000
486 18 0.94 0.03 1000000
486 18 0.94 0.04 1000000
486 18 0.94 0.05 1000000
486 18 0.94 0.06 1000000
486 18 0.94 0.07 1000000
486 18 0.94 0.08 1000000
486 18 0.94 0.09 1000000
486 18 0.95 0.01 1000000
486 18 0.95 0.02 1000000
486 18 0.95 0.03 1000000
486 18 0.95 0.04 1000000
486 18 0.95 0.05 1000000
486 18 0.95 0.06 1000000
486 18 0.95 0.07 1000000
486 18 0.95 0.08 1000000
486 18 0.95 0.09 1000000
486 18 0.96 0.01 1000000
486 18 0.96 0.02 1000000
486 18 0.96 0.03 1000000
486 18 0.96 0.04 1000000
486 18 0.96 0.05 1000000
486 18 0.96 0.06 1000000
486 18 0.96 0.07 1000000
486 18 0.96 0.08 1000000
486 18 0.96 0.09 1000000
486 18 0.97 0.01 1000000
486 18 0.97 0.02 1000000
486 18 0.97 0.03 1000000
486 18 0.97 0.04 1000000
486 18 0.97 0.05 1000000
486 18 0.97 0.06 1000000
486 18 0.97 0.07 1000000
486 18 0.97 0.08 1000000
486 18 0.97 0.09 1000000
486 18 0.98 0.01 1000000
486 18 0.98 0.02 1000000
486 18 0.98 0.03 1000000
486 18 0.98 0.04 1000000
486 18 0.98 0.05 1000000
486 18 0.98 0.06 1000000
486 18 0.98 0.07 1000000
486 18 0.98 0.08 1000000
486 18 0.98 0.09 1000000
486 18 0.99 0.01 1000000
486 18 0.99 0.02 1000000
486 18 0.99 0.03 1000000
486 18 0.99 0.04 1000000
486 18 0.99 0.05 1000000
486 18 0.99 0.06 1000000
486 18 0.99 0.07 1000000
486 18 0.99 0.08 1000000
486 18 0.99 0.09 1000000
494 19 0.90 0.01 1000000
494 19 0.90 0.02 1000000
494 19 0.90 0.03 1000000
494 19 0.90 0.04 1000000
494 19 0.90 0.05 1000000
494 19 0.90 0.06 1000000
494 19 0.90 0.07 1000000
494 19 0.90 0.08 1000000
494 19 0.90 0.09 1000000
494 19 0.91 0.01 1000000
494 19 0.91 0.02 1000000
494 19 0.91 0.03 1000000
494 19 0.91 0.04 1000000
494 19 0.91 0.05 1000000
494 19 0.91 0.06 1000000
494 19 0.91 0.07 1000000
494 19 0.91 0.08 1000000
494 19 0.91 0.09 1000000
494 19 0.92 0.01 1000000
494 19 0.92 0.02 1000000
494 19 0.92 0.03 1000000
494 19 0.92 0.04 1000000
494 19 0.92 0.05 1000000
494 19 0.92 0.06 1000000
494 19 0.92 0.07 1000000
494 19 0.92 0.08 1000000
494 19 0.92 0.09 1000000
494 19 0.93 0.01 1000000
494 19 0.93 0.02 1000000
494 19 0.93 0.03 1000000
494 19 0.93 0.04 1000000
494 19 0.93 0.05 1000000
494 19 0.93 0.06 1000000
494 19 0.93 0.07 1000000
494 19 0.93 0.08 1000000
494 19 0.93 0.09 1000000
494 19 0.94 0.01 1000000
494 19 0.94 0.02 1000000
494 19 0.94 0.03 1000000
494 19 0.94 0.04 1000000
494 19 0.94 0.05 1000000
494 19 0.94 0.06 1000000
494 19 0.94 0.07 1000000
494 19 0.94 0.08 1000000
494 19 0.94 0.09 1000000
494 19 0.95 0.01 1000000
494 19 0.95 0.02 1000000
494 19 0.95 0.03 1000000
494 19 0.95 0.04 1000000
494 19 0.95 0.05 1000000
494 19 0.95 0.06 1000000
494 19 0.95 0.07 1000000
494 19 0.95 0.08 1000000
494 19 0.95 0.09 1000000
494 19 0.96 0.01 1000000
494 19 0.96 0.02 1000000
494 19 0.96 0.03 1000000
494 19 0.96 0.04 1000000
494 19 0.96 0.05 1000000
494 19 0.96 0.06 1000000
494 19 0.96 0.07 1000000
494 19 0.96 0.08 1000000
494 19 0.96 0.09 1000000
494 19 0.97 0.01 1000000
494 19 0.97 0.02 1000000
494 19 0.97 0.03 1000000
494 19 0.97 0.04 1000000
494 19 0.97 0.05 1000000
494 19 0.97 0.06 1000000
494 19 0.97 0.07 1000000
494 19 0.97 0.08 1000000
494 19 0.97 0.09 1000000
494 19 0.98 0.01 1000000
494 19 0.98 0.02 1000000
494 19 0.98 0.03 1000000
494 19 0.98 0.04 1000000
494 19 0.98 0.05 1000000
494 19 0.98 0.06 1000000
494 19 0.98 0.07 1000000
494 19 0.98 0.08 1000000
494 19 0.98 0.09 1000000
494 19 0.99 0.01 1000000
494 19 0.99 0.02 1000000
494 19 0.99 0.03 1000000
494 19 0.99 0.04 1000000
494 19 0.99 0.05 1000000
494 19 0.99 0.06 1000000
494 19 0.99 0.07 1000000
494 19 0.99 0.08 1000000
494 19 0.99 0.09 1000000
500 20 0.90 0.01 1000000
500 20 0.90 0.02 1000000
500 20 0.90 0.03 1000000
500 20 0.90 0.04 1000000
500 20 0.90 0.05 1000000
500 20 0.90 0.06 1000000
500 20 0.90 0.07 1000000
500 20 0.90 0.08 1000000
500 20 0.90 0.09 1000000
500 20 0.91 0.01 1000000
500 20 0.91 0.02 1000000
500 20 0.91 0.03 1000000
500 20 0.91 0.04 1000000
500 20 0.91 0.05 1000000
500 20 0.91 0.06 1000000
500 20 0.91 0.07 1000000
500 20 0.91 0.08 1000000
500 20 0.91 0.09 1000000
500 20 0.92 0.01 1000000
500 20 0.92 0.02 1000000
500 20 0.92 0.03 1000000
500 20 0.92 0.04 1000000
500 20 0.92 0.05 1000000
500 20 0.92 0.06 1000000
500 20 0.92 0.07 1000000
500 20 0.92 0.08 1000000
500 20 0.92 0.09 1000000
500 20 0.93 0.01 1000000
500 20 0.93 0.02 1000000
500 20 0.93 0.03 1000000
500 20 0.93 0.04 1000000
500 20 0.93 0.05 1000000
500 20 0.93 0.06 1000000
500 20 0.93 0.07 1000000
500 20 0.93 0.08 1000000
500 20 0.93 0.09 1000000
500 20 0.94 0.01 1000000
500 20 0.94 0.02 1000000
500 20 0.94 0.03 1000000
500 20 0.94 0.04 1000000
500 20 0.94 0.05 1000000
500 20 0.94 0.06 1000000
500 20 0.94 0.07 1000000
500 20 0.94 0.08 1000000
500 20 0.94 0.09 1000000
500 20 0.95 0.01 1000000
500 20 0.95 0.02 1000000
500 20 0.95 0.03 1000000
500 20 0.95 0.04 1000000
500 20 0.95 0.05 1000000
500 20 0.95 0.06 1000000
500 20 0.95 0.07 1000000
500 20 0.95 0.08 1000000
500 20 0.95 0.09 1000000
500 20 0.96 0.01 1000000
500 20 0.96 0.02 1000000
500 20 0.96 0.03 1000000
500 20 0.96 0.04 1000000
500 20 0.96 0.05 1000000
500 20 0.96 0.06 1000000
500 20 0.96 0.07 1000000
500 20 0.96 0.08 1000000
500 20 0.96 0.09 1000000
500 20 0.97 0.01 1000000
500 20 0.97 0.02 1000000
500 20 0.97 0.03 1000000
500 20 0.97 0.04 1000000
500 20 0.97 0.05 1000000
500 20 0.97 0.06 1000000
500 20 0.97 0.07 1000000
500 20 0.97 0.08 1000000
500 20 0.97 0.09 1000000
500 20 0.98 0.01 1000000
500 20 0.98 0.02 1000000
500 20 0.98 0.03 1000000
500 20 0.98 0.04 1000000
500 20 0.98 0.05 1000000
500 20 0.98 0.06 1000000
500 20 0.98 0.07 1000000
500 20 0.98 0.08 1000000
500 20 0.98 0.09 1000000
500 20 0.99 0.01 1000000
500 20 0.99 0.02 1000000
500 20 0.99 0.03 1000000
500 20 0.99 0.04 1000000
500 20 0.99 0.05 1000000
500 20 0.99 0.06 1000000
500 20 0.99 0.07 1000000
500 20 0.99 0.08 1000000
500 20 0.99 0.09 1000000
483 21 0.90 0.01 1000000
483 21 0.90 0.02 1000000
483 21 0.90 0.03 1000000
483 21 0.90 0.04 1000000
483 21 0.90 0.05 1000000
483 21 0.90 0.06 1000000
483 21 0.90 0.07 1000000
483 21 0.90 0.08 1000000
483 21 0.90 0.09 1000000
483 21 0.91 0.01 1000000
483 21 0.91 0.02 1000000
483 21 0.91 0.03 1000000
483 21 0.91 0.04 1000000
483 21 0.91 0.05 1000000
483 21 0.91 0.06 1000000
483 21 0.91 0.07 1000000
483 21 0.91 0.08 1000000
483 21 0.91 0.09 1000000
483 21 0.92 0.01 1000000
483 21 0.92 0.02 1000000
483 21 0.92 0.03 1000000
483 21 0.92 0.04 1000000
483 21 0.92 0.05 1000000
483 21 0.92 0.06 1000000
483 21 0.92 0.07 1000000
483 21 0.92 0.08 1000000
483 21 0.92 0.09 1000000
483 21 0.93 0.01 1000000
483 21 0.93 0.02 1000000
483 21 0.93 0.03 1000000
483 21 0.93 0.04 1000000
483 21 0.93 0.05 1000000
483 21 0.93 0.06 1000000
483 21 0.93 0.07 1000000
483 21 0.93 0.08 1000000
483 21 0.93 0.09 1000000
483 21 0.94 0.01 1000000
483 21 0.94 0.02 1000000
483 21 0.94 0.03 1000000
483 21 0.94 0.04 1000000
483 21 0.94 0.05 1000000
483 21 0.94 0.06 1000000
483 21 0.94 0.07 1000000
483 21 0.94 0.08 1000000
483 21 0.94 0.09 1000000
483 21 0.95 0.01 1000000
483 21 0.95 0.02 1000000
483 21 0.95 0.03 1000000
483 21 0.95 0.04 1000000
483 21 0.95 0.05 1000000
483 21 0.95 0.06 1000000
483 21 0.95 0.07 1000000
483 21 0.95 0.08 1000000
483 21 0.95 0.09 1000000
483 21 0.96 0.01 1000000
483 21 0.96 0.02 1000000
483 21 0.96 0.03 1000000
483 21 0.96 0.04 1000000
483 21 0.96 0.05 1000000
483 21 0.96 0.06 1000000
483 21 0.96 0.07 1000000
483 21 0.96 0.08 1000000
483 21 0.96 0.09 1000000
483 21 0.97 0.01 1000000
483 21 0.97 0.02 1000000
483 21 0.97 0.03 1000000
483 21 0.97 0.04 1000000
483 21 0.97 0.05 1000000
483 21 0.97 0.06 1000000
483 21 0.97 0.07 1000000
483 21 0.97 0.08 1000000
483 21 0.97 0.09 1000000
483 21 0.98 0.01 1000000
483 21 0.98 0.02 1000000
483 21 0.98 0.03 1000000
483 21 0.98 0.04 1000000
483 21 0.98 0.05 1000000
483 21 0.98 0.06 1000000
483 21 0.98 0.07 1000000
483 21 0.98 0.08 1000000
483 21 0.98 0.09 1000000
483 21 0.99 0.01 1000000
483 21 0.99 0.02 1000000
483 21 0.99 0.03 1000000
483 21 0.99 0.04 1000000
483 21 0.99 0.05 1000000
483 21 0.99 0.06 1000000
483 21 0.99 0.07 1000000
483 21 0.99 0.08 1000000
483 21 0.99 0.09 1000000
484 22 0.90 0.01 1000000
484 22 0.90 0.02 1000000
484 22 0.90 0.03 1000000
484 22 0.90 0.04 1000000
484 22 0.90 0.05 1000000
484 22 0.90 0.06 1000000
484 22 0.90 0.07 1000000
484 22 0.90 0.08 1000000
484 22 0.90 0.09 1000000
484 22 0.91 0.01 1000000
484 22 0.91 0.02 1000000
484 22 0.91 0.03 1000000
484 22 0.91 0.04 1000000
484 22 0.91 0.05 1000000
484 22 0.91 0.06 1000000
484 22 0.91 0.07 1000000
484 22 0.91 0.08 1000000
484 22 0.91 0.09 1000000
484 22 0.92 0.01 1000000
484 22 0.92 0.02 1000000
484 22 0.92 0.03 1000000
484 22 0.92 0.04 1000000
484 22 0.92 0.05 1000000
484 22 0.92 0.06 1000000
484 22 0.92 0.07 1000000
484 22 0.92 0.08 1000000
484 22 0.92 0.09 1000000
484 22 0.93 0.01 1000000
484 22 0.93 0.02 1000000
484 22 0.93 0.03 1000000
484 22 0.93 0.04 1000000
484 22 0.93 0.05 1000000
484 22 0.93 0.06 1000000
484 22 0.93 0.07 1000000
484 22 0.93 0.08 1000000
484 22 0.93 0.09 1000000
484 22 0.94 0.01 1000000
484 22 0.94 0.02 1000000
484 22 0.94 0.03 1000000
484 22 0.94 0.04 1000000
484 22 0.94 0.05 1000000
484 22 0.94 0.06 1000000
484 22 0.94 0.07 1000000
484 22 0.94 0.08 1000000
484 22 0.94 0.09 1000000
484 22 0.95 0.01 1000000
484 22 0.95 0.02 1000000
484 22 0.95 0.03 1000000
484 22 0.95 0.04 1000000
484 22 0.95 0.05 1000000
484 22 0.95 0.06 1000000
484 22 0.95 0.07 1000000
484 22 0.95 0.08 1000000
484 22 0.95 0.09 1000000
484 22 0.96 0.01 1000000
484 22 0.96 0.02 1000000
484 22 0.96 0.03 1000000
484 22 0.96 0.04 1000000
484 22 0.96 0.05 1000000
484 22 0.96 0.06 1000000
484 22 0.96 0.07 1000000
484 22 0.96 0.08 1000000
484 22 0.96 0.09 1000000
484 22 0.97 0.01 1000000
484 22 0.97 0.02 1000000
484 22 0.97 0.03 1000000
484 22 0.97 0.04 1000000
484 22 0.97 0.05 1000000
484 22 0.97 0.06 1000000
484 22 0.97 0.07 1000000
484 22 0.97 0.08 1000000
484 22 0.97 0.09 1000000
484 22 0.98 0.01 1000000
484 22 0.98 0.02 1000000
484 22 0.98 0.03 1000000
484 22 0.98 0.04 1000000
484 22 0.98 0.05 1000000
484 22 0.98 0.06 1000000
484 22 0.98 0.07 1000000
484 22 0.98 0.08 1000000
484 22 0.98 0.09 1000000
484 22 0.99 0.01 1000000
484 22 0.99 0.02 1000000
484 22 0.99 0.03 1000000
484 22 0.99 0.04 1000000
484 22 0.99 0.05 1000000
484 22 0.99 0.06 1000000
484 22 0.99 0.07 1000000
484 22 0.99 0.08 1000000
484 22 0.99 0.09 1000000
483 23 0.90 0.01 1000000
483 23 0.90 0.02 1000000
483 23 0.90 0.03 1000000
483 23 0.90 0.04 1000000
483 23 0.90 0.05 1000000
483 23 0.90 0.06 1000000
483 23 0.90 0.07 1000000
483 23 0.90 0.08 1000000
483 23 0.90 0.09 1000000
483 23 0.91 0.01 1000000
483 23 0.91 0.02 1000000
483 23 0.91 0.03 1000000
483 23 0.91 0.04 1000000
483 23 0.91 0.05 1000000
483 23 0.91 0.06 1000000
483 23 0.91 0.07 1000000
483 23 0.91 0.08 1000000
483 23 0.91 0.09 1000000
483 23 0.92 0.01 1000000
483 23 0.92 0.02 1000000
483 23 0.92 0.03 1000000
483 23 0.92 0.04 1000000
483 23 0.92 0.05 1000000
483 23 0.92 0.06 1000000
483 23 0.92 0.07 1000000
483 23 0.92 0.08 1000000
483 23 0.92 0.09 1000000
483 23 0.93 0.01 1000000
483 23 0.93 0.02 1000000
483 23 0.93 0.03 1000000
483 23 0.93 0.04 1000000
483 23 0.93 0.05 1000000
483 23 0.93 0.06 1000000
483 23 0.93 0.07 1000000
483 23 0.93 0.08 1000000
483 23 0.93 0.09 1000000
483 23 0.94 0.01 1000000
483 23 0.94 0.02 1000000
483 23 0.94 0.03 1000000
483 23 0.94 0.04 1000000
483 23 0.94 0.05 1000000
483 23 0.94 0.06 1000000
483 23 0.94 0.07 1000000
483 23 0.94 0.08 1000000
483 23 0.94 0.09 1000000
483 23 0.95 0.01 1000000
483 23 0.95 0.02 1000000
483 23 0.95 0.03 1000000
483 23 0.95 0.04 1000000
483 23 0.95 0.05 1000000
483 23 0.95 0.06 1000000
483 23 0.95 0.07 1000000
483 23 0.95 0.08 1000000
483 23 0.95 0.09 1000000
483 23 0.96 0.01 1000000
483 23 0.96 0.02 1000000
483 23 0.96 0.03 1000000
483 23 0.96 0.04 1000000
483 23 0.96 0.05 1000000
483 23 0.96 0.06 1000000
483 23 0.96 0.07 1000000
483 23 0.96 0.08 1000000
483 23 0.96 0.09 1000000
483 23 0.97 0.01 1000000
483 23 0.97 0.02 1000000
483 23 0.97 0.03 1000000
483 23 0.97 0.04 1000000
483 23 0.97 0.05 1000000
483 23 0.97 0.06 1000000
483 23 0.97 0.07 1000000
483 23 0.97 0.08 1000000
483 23 0.97 0.09 1000000
483 23 0.98 0.01 1000000
483 23 0.98 0.02 1000000
483 23 0.98 0.03 1000000
483 23 0.98 0.04 1000000
483 23 0.98 0.05 1000000
483 23 0.98 0.06 1000000
483 23 0.98 0.07 1000000
483 23 0.98 0.08 1000000
483 23 0.98 0.09 1000000
483 23 0.99 0.01 1000000
483 23 0.99 0.02 1000000
483 23 0.99 0.03 1000000
483 23 0.99 0.04 1000000
483 23 0.99 0.05 1000000
483 23 0.99 0.06 1000000
483 23 0.99 0.07 1000000
483 23 0.99 0.08 1000000
483 23 0.99 0.09 1000000
480 24 0.90 0.01 1000000
480 24 0.90 0.02 1000000
480 24 0.90 0.03 1000000
480 24 0.90 0.04 1000000
480 24 0.90 0.05 1000000
480 24 0.90 0.06 1000000
480 24 0.90 0.07 1000000
480 24 0.90 0.08 1000000
480 24 0.90 0.09 1000000
480 24 0.91 0.01 1000000
480 24 0.91 0.02 1000000
480 24 0.91 0.03 1000000
480 24 0.91 0.04 1000000
480 24 0.91 0.05 1000000
480 24 0.91 0.06 1000000
480 24 0.91 0.07 1000000
480 24 0.91 0.08 1000000
480 24 0.91 0.09 1000000
480 24 0.92 0.01 1000000
480 24 0.92 0.02 1000000
480 24 0.92 0.03 1000000
480 24 0.92 0.04 1000000
480 24 0.92 0.05 1000000
480 24 0.92 0.06 1000000
480 24 0.92 0.07 1000000
480 24 0.92 0.08 1000000
480 24 0.92 0.09 1000000
480 24 0.93 0.01 1000000
480 24 0.93 0.02 1000000
480 24 0.93 0.03 1000000
480 24 0.93 0.04 1000000
480 24 0.93 0.05 1000000
480 24 0.93 0.06 1000000
480 24 0.93 0.07 1000000
480 24 0.93 0.08 1000000
480 24 0.93 0.09 1000000
480 24 0.94 0.01 1000000
480 24 0.94 0.02 1000000
480 24 0.94 0.03 1000000
480 24 0.94 0.04 1000000
480 24 0.94 0.05 1000000
480 24 0.94 0.06 1000000
480 24 0.94 0.07 1000000
480 24 0.94 0.08 1000000
480 24 0.94 0.09 1000000
480 24 0.95 0.01 1000000
480 24 0.95 0.02 1000000
480 24 0.95 0.03 1000000
480 24 0.95 0.04 1000000
480 24 0.95 0.05 1000000
480 24 0.95 0.06 1000000
480 24 0.95 0.07 1000000
480 24 0.95 0.08 1000000
480 24 0.95 0.09 1000000
480 24 0.96 0.01 1000000
480 24 0.96 0.02 1000000
480 24 0.96 0.03 1000000
480 24 0.96 0.04 1000000
480 24 0.96 0.05 1000000
480 24 0.96 0.06 1000000
480 24 0.96 0.07 1000000
480 24 0.96 0.08 1000000
480 24 0.96 0.09 1000000
480 24 0.97 0.01 1000000
480 24 0.97 0.02 1000000
480 24 0.97 0.03 1000000
480 24 0.97 0.04 1000000
480 24 0.97 0.05 1000000
480 24 0.97 0.06 1000000
480 24 0.97 0.07 1000000
480 24 0.97 0.08 1000000
480 24 0.97 0.09 1000000
480 24 0.98 0.01 1000000
480 24 0.98 0.02 1000000
480 24 0.98 0.03 1000000
480 24 0.98 0.04 1000000
480 24 0.98 0.05 1000000
480 24 0.98 0.06 1000000
480 24 0.98 0.07 1000000
480 24 0.98 0.08 1000000
480 24 0.98 0.09 1000000
480 24 0.99 0.01 1000000
480 24 0.99 0.02 1000000
480 24 0.99 0.03 1000000
480 24 0.99 0.04 1000000
480 24 0.99 0.05 1000000
480 24 0.99 0.06 1000000
480 24 0.99 0.07 1000000
480 24 0.99 0.08 1000000
480 24 0.99 0.09 1000000
500 25 0.90 0.01 1000000
500 25 0.90 0.02 1000000
500 25 0.90 0.03 1000000
500 25 0.90 0.04 1000000
500 25 0.90 0.05 1000000
500 25 0.90 0.06 1000000
500 25 0.90 0.07 1000000
500 25 0.90 0.08 1000000
500 25 0.90 0.09 1000000
500 25 0.91 0.01 1000000
500 25 0.91 0.02 1000000
500 25 0.91 0.03 1000000
500 25 0.91 0.04 1000000
500 25 0.91 0.05 1000000
500 25 0.91 0.06 1000000
500 25 0.91 0.07 1000000
500 25 0.91 0.08 1000000
500 25 0.91 0.09 1000000
500 25 0.92 0.01 1000000
500 25 0.92 0.02 1000000
500 25 0.92 0.03 1000000
500 25 0.92 0.04 1000000
500 25 0.92 0.05 1000000
500 25 0.92 0.06 1000000
500 25 0.92 0.07 1000000
500 25 0.92 0.08 1000000
500 25 0.92 0.09 1000000
500 25 0.93 0.01 1000000
500 25 0.93 0.02 1000000
500 25 0.93 0.03 1000000
500 25 0.93 0.04 1000000
500 25 0.93 0.05 1000000
500 25 0.93 0.06 1000000
500 25 0.93 0.07 1000000
500 25 0.93 0.08 1000000
500 25 0.93 0.09 1000000
500 25 0.94 0.01 1000000
500 25 0.94 0.02 1000000
500 25 0.94 0.03 1000000
500 25 0.94 0.04 1000000
500 25 0.94 0.05 1000000
500 25 0.94 0.06 1000000
500 25 0.94 0.07 1000000
500 25 0.94 0.08 1000000
500 25 0.94 0.09 1000000
500 25 0.95 0.01 1000000
500 25 0.95 0.02 1000000
500 25 0.95 0.03 1000000
500 25 0.95 0.04 1000000
500 25 0.95 0.05 1000000
500 25 0.95 0.06 1000000
500 25 0.95 0.07 1000000
500 25 0.95 0.08 1000000
500 25 0.95 0.09 1000000
500 25 0.96 0.01 1000000
500 25 0.96 0.02 1000000
500 25 0.96 0.03 1000000
500 25 0.96 0.04 1000000
500 25 0.96 0.05 1000000
500 25 0.96 0.06 1000000
500 25 0.96 0.07 1000000
500 25 0.96 0.08 1000000
500 25 0.96 0.09 1000000
500 25 0.97 0.01 1000000
500 25 0.97 0.02 1000000
500 25 0.97 0.03 1000000
500 25 0.97 0.04 1000000
500 25 0.97 0.05 1000000
500 25 0.97 0.06 1000000
500 25 0.97 0.07 1000000
500 25 0.97 0.08 1000000
500 25 0.97 0.09 1000000
500 25 0.98 0.01 1000000
500 25 0.98 0.02 1000000
500 25 0.98 0.03 1000000
500 25 0.98 0.04 1000000
500 25 0.98 0.05 1000000
500 25 0.98 0.06 1000000
500 25 0.98 0.07 1000000
500 25 0.98 0.08 1000000
500 25 0.98 0.09 1000000
500 25 0.99 0.01 1000000
500 25 0.99 0.02 1000000
500 25 0.99 0.03 1000000
500 25 0.99 0.04 1000000
500 25 0.99 0.05 1000000
500 25 0.99 0.06 1000000
500 25 0.99 0.07 1000000
500 25 0.99 0.08 1000000
500 25 0.99 0.09 1000000
494 26 0.90 0.01 1000000
494 26 0.90 0.02 1000000
494 26 0.90 0.03 1000000
494 26 0.90 0.04 1000000
494 26 0.90 0.05 1000000
494 26 0.90 0.06 1000000
494 26 0.90 0.07 1000000
494 26 0.90 0.08 1000000
494 26 0.90 0.09 1000000
494 26 0.91 0.01 1000000
494 26 0.91 0.02 1000000
494 26 0.91 0.03 1000000
494 26 0.91 0.04 1000000
494 26 0.91 0.05 1000000
494 26 0.91 0.06 1000000
494 26 0.91 0.07 1000000
494 26 0.91 0.08 1000000
494 26 0.91 0.09 1000000
494 26 0.92 0.01 1000000
494 26 0.92 0.02 1000000
494 26 0.92 0.03 1000000
494 26 0.92 0.04 1000000
494 26 0.92 0.05 1000000
494 26 0.92 0.06 1000000
494 26 0.92 0.07 1000000
494 26 0.92 0.08 1000000
494 26 0.92 0.09 1000000
494 26 0.93 0.01 1000000
494 26 0.93 0.02 1000000
494 26 0.93 0.03 1000000
494 26 0.93 0.04 1000000
494 26 0.93 0.05 1000000
494 26 0.93 0.06 1000000
494 26 0.93 0.07 1000000
494 26 0.93 0.08 1000000
494 26 0.93 0.09 1000000
494 26 0.94 0.01 1000000
494 26 0.94 0.02 1000000
494 26 0.94 0.03 1000000
494 26 0.94 0.04 1000000
494 26 0.94 0.05 1000000
494 26 0.94 0.06 1000000
494 26 0.94 0.07 1000000
494 26 0.94 0.08 1000000
494 26 0.94 0.09 1000000
494 26 0.95 0.01 1000000
494 26 0.95 0.02 1000000
494 26 0.95 0.03 1000000
494 26 0.95 0.04 1000000
494 26 0.95 0.05 1000000
494 26 0.95 0.06 1000000
494 26 0.95 0.07 1000000
494 26 0.95 0.08 1000000
494 26 0.95 0.09 1000000
494 26 0.96 0.01 1000000
494 26 0.96 0.02 1000000
494 26 0.96 0.03 1000000
494 26 0.96 0.04 1000000
494 26 0.96 0.05 1000000
494 26 0.96 0.06 1000000
494 26 0.96 0.07 1000000
494 26 0.96 0.08 1000000
494 26 0.96 0.09 1000000
494 26 0.97 0.01 1000000
494 26 0.97 0.02 1000000
494 26 0.97 0.03 1000000
494 26 0.97 0.04 1000000
494 26 0.97 0.05 1000000
494 26 0.97 0.06 1000000
494 26 0.97 0.07 1000000
494 26 0.97 0.08 1000000
494 26 0.97 0.09 1000000
494 26 0.98 0.01 1000000
494 26 0.98 0.02 1000000
494 26 0.98 0.03 1000000
494 26 0.98 0.04 1000000
494 26 0.98 0.05 1000000
494 26 0.98 0.06 1000000
494 26 0.98 0.07 1000000
494 26 0.98 0.08 1000000
494 26 0.98 0.09 1000000
494 26 0.99 0.01 1000000
494 26 0.99 0.02 1000000
494 26 0.99 0.03 1000000
494 26 0.99 0.04 1000000
494 26 0.99 0.05 1000000
494 26 0.99 0.06 1000000
494 26 0.99 0.07 1000000
494 26 0.99 0.08 1000000
494 26 0.99 0.09 1000000
486 27 0.90 0.01 1000000
486 27 0.90 0.02 1000000
486 27 0.90 0.03 1000000
486 27 0.90 0.04 1000000
486 27 0.90 0.05 1000000
486 27 0.90 0.06 1000000
486 27 0.90 0.07 1000000
486 27 0.90 0.08 1000000
486 27 0.90 0.09 1000000
486 27 0.91 0.01 1000000
486 27 0.91 0.02 1000000
486 27 0.91 0.03 1000000
486 27 0.91 0.04 1000000
486 27 0.91 0.05 1000000
486 27 0.91 0.06 1000000
486 27 0.91 0.07 1000000
486 27 0.91 0.08 1000000
486 27 0.91 0.09 1000000
486 27 0.92 0.01 1000000
486 27 0.92 0.02 1000000
486 27 0.92 0.03 1000000
486 27 0.92 0.04 1000000
486 27 0.92 0.05 1000000
486 27 0.92 0.06 1000000
486 27 0.92 0.07 1000000
486 27 0.92 0.08 1000000
486 27 0.92 0.09 1000000
486 27 0.93 0.01 1000000
486 27 0.93 0.02 1000000
486 27 0.93 0.03 1000000
486 27 0.93 0.04 1000000
486 27 0.93 0.05 1000000
486 27 0.93 0.06 1000000
486 27 0.93 0.07 1000000
486 27 0.93 0.08 1000000
486 27 0.93 0.09 1000000
486 27 0.94 0.01 1000000
486 27 0.94 0.02 1000000
486 27 0.94 0.03 1000000
486 27 0.94 0.04 1000000
486 27 0.94 0.05 1000000
486 27 0.94 0.06 1000000
486 27 0.94 0.07 1000000
486 27 0.94 0.08 1000000
486 27 0.94 0.09 1000000
486 27 0.95 0.01 1000000
486 27 0.95 0.02 1000000
486 27 0.95 0.03 1000000
486 27 0.95 0.04 1000000
486 27 0.95 0.05 1000000
486 27 0.95 0.06 1000000
486 27 0.95 0.07 1000000
486 27 0.95 0.08 1000000
486 27 0.95 0.09 1000000
486 27 0.96 0.01 1000000
486 27 0.96 0.02 1000000
486 27 0.96 0.03 1000000
486 27 0.96 0.04 1000000
486 27 0.96 0.05 1000000
486 27 0.96 0.06 1000000
486 27 0.96 0.07 1000000
486 27 0.96 0.08 1000000
486 27 0.96 0.09 1000000
486 27 0.97 0.01 1000000
486 27 0.97 0.02 1000000
486 27 0.97 0.03 1000000
486 27 0.97 0.04 1000000
486 27 0.97 0.05 1000000
486 27 0.97 0.06 1000000
486 27 0.97 0.07 1000000
486 27 0.97 0.08 1000000
486 27 0.97 0.09 1000000
486 27 0.98 0.01 1000000
486 27 0.98 0.02 1000000
486 27 0.98 0.03 1000000
486 27 0.98 0.04 1000000
486 27 0.98 0.05 1000000
486 27 0.98 0.06 1000000
486 27 0.98 0.07 1000000
486 27 0.98 0.08 1000000
486 27 0.98 0.09 1000000
486 27 0.99 0.01 1000000
486 27 0.99 0.02 1000000
486 27 0.99 0.03 1000000
486 27 0.99 0.04 1000000
486 27 0.99 0.05 1000000
486 27 0.99 0.06 1000000
486 27 0.99 0.07 1000000
486 27 0.99 0.08 1000000
486 27 0.99 0.09 1000000
476 28 0.90 0.01 1000000
476 28 0.90 0.02 1000000
476 28 0.90 0.03 1000000
476 28 0.90 0.04 1000000
476 28 0.90 0.05 1000000
476 28 0.90 0.06 1000000
476 28 0.90 0.07 1000000
476 28 0.90 0.08 1000000
476 28 0.90 0.09 1000000
476 28 0.91 0.01 1000000
476 28 0.91 0.02 1000000
476 28 0.91 0.03 1000000
476 28 0.91 0.04 1000000
476 28 0.91 0.05 1000000
476 28 0.91 0.06 1000000
476 28 0.91 0.07 1000000
476 28 0.91 0.08 1000000
476 28 0.91 0.09 1000000
476 28 0.92 0.01 1000000
476 28 0.92 0.02 1000000
476 28 0.92 0.03 1000000
476 28 0.92 0.04 1000000
476 28 0.92 0.05 1000000
476 28 0.92 0.06 1000000
476 28 0.92 0.07 1000000
476 28 0.92 0.08 1000000
476 28 0.92 0.09 1000000
476 28 0.93 0.01 1000000
476 28 0.93 0.02 1000000
476 28 0.93 0.03 1000000
476 28 0.93 0.04 1000000
476 28 0.93 0.05 1000000
476 28 0.93 0.06 1000000
476 28 0.93 0.07 1000000
476 28 0.93 0.08 1000000
476 28 0.93 0.09 1000000
476 28 0.94 0.01 1000000
476 28 0.94 0.02 1000000
476 28 0.94 0.03 1000000
476 28 0.94 0.04 1000000
476 28 0.94 0.05 1000000
476 28 0.94 0.06 1000000
476 28 0.94 0.07 1000000
476 28 0.94 0.08 1000000
476 28 0.94 0.09 1000000
476 28 0.95 0.01 1000000
476 28 0.95 0.02 1000000
476 28 0.95 0.03 1000000
476 28 0.95 0.04 1000000
476 28 0.95 0.05 1000000
476 28 0.95 0.06 1000000
476 28 0.95 0.07 1000000
476 28 0.95 0.08 1000000
476 28 0.95 0.09 1000000
476 28 0.96 0.01 1000000
476 28 0.96 0.02 1000000
476 28 0.96 0.03 1000000
476 28 0.96 0.04 1000000
476 28 0.96 0.05 1000000
476 28 0.96 0.06 1000000
476 28 0.96 0.07 1000000
476 28 0.96 0.08 1000000
476 28 0.96 0.09 1000000
476 28 0.97 0.01 1000000
476 28 0.97 0.02 1000000
476 28 0.97 0.03 1000000
476 28 0.97 0.04 1000000
476 28 0.97 0.05 1000000
476 28 0.97 0.06 1000000
476 28 0.97 0.07 1000000
476 28 0.97 0.08 1000000
476 28 0.97 0.09 1000000
476 28 0.98 0.01 1000000
476 28 0.98 0.02 1000000
476 28 0.98 0.03 1000000
476 28 0.98 0.04 1000000
476 28 0.98 0.05 1000000
476 28 0.98 0.06 1000000
476 28 0.98 0.07 1000000
476 28 0.98 0.08 1000000
476 28 0.98 0.09 1000000
476 28 0.99 0.01 1000000
476 28 0.99 0.02 1000000
476 28 0.99 0.03 1000000
476 28 0.99 0.04 1000000
476 28 0.99 0.05 1000000
476 28 0.99 0.06 1000000
476 28 0.99 0.07 1000000
476 28 0.99 0.08 1000000
476 28 0.99 0.09 1000000
493 29 0.90 0.01 1000000
493 29 0.90 0.02 1000000
493 29 0.90 0.03 1000000
493 29 0.90 0.04 1000000
493 29 0.90 0.05 1000000
493 29 0.90 0.06 1000000
493 29 0.90 0.07 1000000
493 29 0.90 0.08 1000000
493 29 0.90 0.09 1000000
493 29 0.91 0.01 1000000
493 29 0.91 0.02 1000000
493 29 0.91 0.03 1000000
493 29 0.91 0.04 1000000
493 29 0.91 0.05 1000000
493 29 0.91 0.06 1000000
493 29 0.91 0.07 1000000
493 29 0.91 0.08 1000000
493 29 0.91 0.09 1000000
493 29 0.92 0.01 1000000
493 29 0.92 0.02 1000000
493 29 0.92 0.03 1000000
493 29 0.92 0.04 1000000
493 29 0.92 0.05 1000000
493 29 0.92 0.06 1000000
493 29 0.92 0.07 1000000
493 29 0.92 0.08 1000000
493 29 0.92 0.09 1000000
493 29 0.93 0.01 1000000
493 29 0.93 0.02 1000000
493 29 0.93 0.03 1000000
493 29 0.93 0.04 1000000
493 29 0.93 0.05 1000000
493 29 0.93 0.06 1000000
493 29 0.93 0.07 1000000
493 29 0.93 0.08 1000000
493 29 0.93 0.09 1000000
493 29 0.94 0.01 1000000
493 29 0.94 0.02 1000000
493 29 0.94 0.03 1000000
493 29 0.94 0.04 1000000
493 29 0.94 0.05 1000000
493 29 0.94 0.06 1000000
493 29 0.94 0.07 1000000
493 29 0.94 0.08 1000000
493 29 0.94 0.09 1000000
493 29 0.95 0.01 1000000
493 29 0.95 0.02 1000000
493 29 0.95 0.03 1000000
493 29 0.95 0.04 1000000
493 29 0.95 0.05 1000000
493 29 0.95 0.06 1000000
493 29 0.95 0.07 1000000
493 29 0.95 0.08 1000000
493 29 0.95 0.09 1000000
493 29 0.96 0.01 1000000
493 29 0.96 0.02 1000000
493 29 0.96 0.03 1000000
493 29 0.96 0.04 1000000
493 29 0.96 0.05 1000000
493 29 0.96 0.06 1000000
493 29 0.96 0.07 1000000
493 29 0.96 0.08 1000000
493 29 0.96 0.09 1000000
493 29 0.97 0.01 1000000
493 29 0.97 0.02 1000000
493 29 0.97 0.03 1000000
493 29 0.97 0.04 1000000
493 29 0.97 0.05 1000000
493 29 0.97 0.06 1000000
493 29 0.97 0.07 1000000
493 29 0.97 0.08 1000000
493 29 0.97 0.09 1000000
493 29 0.98 0.01 1000000
493 29 0.98 0.02 1000000
493 29 0.98 0.03 1000000
493 29 0.98 0.04 1000000
493 29 0.98 0.05 1000000
493 29 0.98 0.06 1000000
493 29 0.98 0.07 1000000
493 29 0.98 0.08 1000000
493 29 0.98 0.09 1000000
493 29 0.99 0.01 1000000
493 29 0.99 0.02 1000000
493 29 0.99 0.03 1000000
493 29 0.99 0.04 1000000
493 29 0.99 0.05 1000000
493 29 0.99 0.06 1000000
493 29 0.99 0.07 1000000
493 29 0.99 0.08 1000000
493 29 0.99 0.09 1000000
480 30 0.90 0.01 1000000
480 30 0.90 0.02 1000000
480 30 0.90 0.03 1000000
480 30 0.90 0.04 1000000
480 30 0.90 0.05 1000000
480 30 0.90 0.06 1000000
480 30 0.90 0.07 1000000
480 30 0.90 0.08 1000000
480 30 0.90 0.09 1000000
480 30 0.91 0.01 1000000
480 30 0.91 0.02 1000000
480 30 0.91 0.03 1000000
480 30 0.91 0.04 1000000
480 30 0.91 0.05 1000000
480 30 0.91 0.06 1000000
480 30 0.91 0.07 1000000
480 30 0.91 0.08 1000000
480 30 0.91 0.09 1000000
480 30 0.92 0.01 1000000
480 30 0.92 0.02 1000000
480 30 0.92 0.03 1000000
480 30 0.92 0.04 1000000
480 30 0.92 0.05 1000000
480 30 0.92 0.06 1000000
480 30 0.92 0.07 1000000
480 30 0.92 0.08 1000000
480 30 0.92 0.09 1000000
480 30 0.93 0.01 1000000
480 30 0.93 0.02 1000000
480 30 0.93 0.03 1000000
480 30 0.93 0.04 1000000
480 30 0.93 0.05 1000000
480 30 0.93 0.06 1000000
480 30 0.93 0.07 1000000
480 30 0.93 0.08 1000000
480 30 0.93 0.09 1000000
480 30 0.94 0.01 1000000
480 30 0.94 0.02 1000000
480 30 0.94 0.03 1000000
480 30 0.94 0.04 1000000
480 30 0.94 0.05 1000000
480 30 0.94 0.06 1000000
480 30 0.94 0.07 1000000
480 30 0.94 0.08 1000000
480 30 0.94 0.09 1000000
480 30 0.95 0.01 1000000
480 30 0.95 0.02 1000000
480 30 0.95 0.03 1000000
480 30 0.95 0.04 1000000
480 30 0.95 0.05 1000000
480 30 0.95 0.06 1000000
480 30 0.95 0.07 1000000
480 30 0.95 0.08 1000000
480 30 0.95 0.09 1000000
480 30 0.96 0.01 1000000
480 30 0.96 0.02 1000000
480 30 0.96 0.03 1000000
480 30 0.96 0.04 1000000
480 30 0.96 0.05 1000000
480 30 0.96 0.06 1000000
480 30 0.96 0.07 1000000
480 30 0.96 0.08 1000000
480 30 0.96 0.09 1000000
480 30 0.97 0.01 1000000
480 30 0.97 0.02 1000000
480 30 0.97 0.03 1000000
480 30 0.97 0.04 1000000
480 30 0.97 0.05 1000000
480 30 0.97 0.06 1000000
480 30 0.97 0.07 1000000
480 30 0.97 0.08 1000000
480 30 0.97 0.09 1000000
480 30 0.98 0.01 1000000
480 30 0.98 0.02 1000000
480 30 0.98 0.03 1000000
480 30 0.98 0.04 1000000
480 30 0.98 0.05 1000000
480 30 0.98 0.06 1000000
480 30 0.98 0.07 1000000
480 30 0.98 0.08 1000000
480 30 0.98 0.09 1000000
480 30 0.99 0.01 1000000
480 30 0.99 0.02 1000000
480 30 0.99 0.03 1000000
480 30 0.99 0.04 1000000
480 30 0.99 0.05 1000000
480 30 0.99 0.06 1000000
480 30 0.99 0.07 1000000
480 30 0.99 0.08 1000000
480 30 0.99 0.09 1000000
